function C_SYS = SYSCOL(~)
C_SYS(1,:) = [0, 128, 0]/255;
C_SYS(2,:) = [0, 128, 128]/255;
C_SYS(4,:) = [255, 170, 0]/255;
C_SYS(8,:) = [255, 0, 255]/255;
C_SYS(16,:) = [0, 0, 255]/255;
C_SYS(32,:) = [255, 0, 0]/255;
C_SYS(64,:) = [124, 75, 41]/255;
C_SYS(128,:) = [192, 192, 192]/255;
C_SYS(255,:) = [0, 0, 0]/255;